# cmpl = 0.050000 (A); V_start = 1.200000 (V); V_stop = -0.100000 (V);
# points = 401; delay = 0.001000 (s); speed = 0.240000 (s)
# Voltage (v) |  Current (A)  |  Time (s)
+1.199941E+00   +4.787721E-03   +4.549952E+03
+1.196705E+00   +4.600101E-03   +4.550274E+03
+1.193471E+00   +4.462080E-03   +4.550599E+03
+1.190205E+00   +4.337980E-03   +4.550920E+03
+1.186969E+00   +4.219475E-03   +4.551241E+03
+1.183702E+00   +4.102391E-03   +4.551563E+03
+1.180462E+00   +3.987567E-03   +4.551884E+03
+1.177199E+00   +3.872778E-03   +4.552205E+03
+1.173962E+00   +3.760047E-03   +4.552526E+03
+1.170726E+00   +3.649152E-03   +4.552853E+03
+1.167458E+00   +3.537727E-03   +4.553174E+03
+1.164225E+00   +3.426737E-03   +4.553495E+03
+1.160955E+00   +3.317480E-03   +4.553816E+03
+1.157721E+00   +3.209563E-03   +4.554143E+03
+1.154454E+00   +3.101420E-03   +4.554464E+03
+1.151219E+00   +2.996288E-03   +4.554785E+03
+1.147986E+00   +2.891302E-03   +4.555106E+03
+1.144718E+00   +2.785098E-03   +4.555428E+03
+1.141487E+00   +2.683179E-03   +4.555748E+03
+1.138218E+00   +2.579682E-03   +4.556074E+03
+1.134986E+00   +2.479043E-03   +4.556399E+03
+1.131752E+00   +2.379600E-03   +4.556722E+03
+1.128482E+00   +2.280421E-03   +4.557043E+03
+1.125248E+00   +2.183691E-03   +4.557364E+03
+1.121982E+00   +2.087235E-03   +4.557687E+03
+1.118747E+00   +1.993314E-03   +4.558008E+03
+1.115479E+00   +1.900856E-03   +4.558329E+03
+1.112243E+00   +1.811605E-03   +4.558651E+03
+1.109007E+00   +1.720384E-03   +4.558973E+03
+1.105740E+00   +1.632741E-03   +4.559294E+03
+1.102506E+00   +1.545035E-03   +4.559616E+03
+1.099237E+00   +1.458169E-03   +4.559938E+03
+1.096001E+00   +1.373805E-03   +4.560262E+03
+1.092734E+00   +1.291717E-03   +4.560583E+03
+1.089501E+00   +1.210691E-03   +4.560904E+03
+1.086266E+00   +1.130722E-03   +4.561229E+03
+1.082998E+00   +1.052338E-03   +4.561551E+03
+1.079775E+00   +9.826983E-04   +4.561961E+03
+1.076506E+00   +9.012019E-04   +4.562282E+03
+1.073266E+00   +8.283320E-04   +4.562604E+03
+1.069994E+00   +7.560895E-04   +4.562926E+03
+1.066754E+00   +6.866014E-04   +4.563247E+03
+1.063518E+00   +6.187301E-04   +4.563568E+03
+1.060244E+00   +5.503283E-04   +4.563895E+03
+1.057005E+00   +4.853163E-04   +4.564216E+03
+1.053733E+00   +4.209103E-04   +4.564540E+03
+1.050496E+00   +3.592099E-04   +4.564861E+03
+1.047223E+00   +2.979966E-04   +4.565184E+03
+1.043983E+00   +2.390168E-04   +4.565505E+03
+1.040743E+00   +1.813441E-04   +4.565826E+03
+1.037472E+00   +1.257343E-04   +4.566148E+03
+1.034242E+00   +8.088643E-05   +4.566562E+03
+1.030957E+00   +1.851446E-05   +4.566885E+03
+1.027709E+00   -3.260420E-05   +4.567206E+03
+1.024469E+00   -8.296931E-05   +4.567527E+03
+1.021211E+00   -1.225241E-04   +4.568026E+03
+1.017971E+00   -1.772913E-04   +4.568348E+03
+1.014701E+00   -2.242691E-04   +4.568674E+03
+1.011462E+00   -2.688144E-04   +4.568995E+03
+1.008191E+00   -3.123703E-04   +4.569316E+03
+1.004955E+00   -3.543253E-04   +4.569639E+03
+1.001715E+00   -3.950801E-04   +4.569960E+03
+9.984423E-01   -4.351884E-04   +4.570285E+03
+9.952061E-01   -4.727480E-04   +4.570606E+03
+9.919331E-01   -5.097716E-04   +4.570927E+03
+9.886951E-01   -5.450970E-04   +4.571248E+03
+9.854233E-01   -5.803785E-04   +4.571569E+03
+9.821838E-01   -6.137196E-04   +4.571892E+03
+9.789476E-01   -6.457768E-04   +4.572213E+03
+9.756745E-01   -6.773134E-04   +4.572534E+03
+9.724342E-01   -7.076814E-04   +4.572855E+03
+9.691612E-01   -7.365645E-04   +4.573177E+03
+9.659224E-01   -7.655747E-04   +4.573498E+03
+9.626521E-01   -7.933746E-04   +4.573819E+03
+9.594115E-01   -8.194990E-04   +4.574141E+03
+9.561748E-01   -8.451779E-04   +4.574462E+03
+9.529059E-01   -8.701383E-04   +4.574784E+03
+9.496650E-01   -8.944608E-04   +4.575105E+03
+9.463934E-01   -9.181980E-04   +4.575427E+03
+9.431528E-01   -9.403808E-04   +4.575748E+03
+9.398817E-01   -9.625615E-04   +4.576069E+03
+9.366499E-01   -9.823345E-04   +4.576391E+03
+9.334145E-01   -1.003436E-03   +4.576712E+03
+9.301471E-01   -1.023938E-03   +4.577033E+03
+9.269085E-01   -1.043108E-03   +4.577354E+03
+9.236515E-01   -1.075351E-03   +4.577854E+03
+9.204181E-01   -1.076797E-03   +4.578175E+03
+9.171827E-01   -1.095333E-03   +4.578496E+03
+9.139150E-01   -1.112879E-03   +4.578817E+03
+9.106822E-01   -1.129018E-03   +4.579139E+03
+9.074130E-01   -1.144579E-03   +4.579461E+03
+9.041753E-01   -1.160451E-03   +4.579782E+03
+9.009073E-01   -1.175608E-03   +4.580104E+03
+8.976736E-01   -1.190071E-03   +4.580426E+03
+8.944397E-01   -1.204329E-03   +4.580747E+03
+8.911703E-01   -1.218182E-03   +4.581068E+03
+8.879375E-01   -1.230358E-03   +4.581390E+03
+8.846686E-01   -1.244134E-03   +4.581711E+03
+8.814358E-01   -1.256989E-03   +4.582032E+03
+8.781677E-01   -1.269171E-03   +4.582353E+03
+8.749309E-01   -1.280797E-03   +4.582675E+03
+8.716988E-01   -1.292459E-03   +4.582996E+03
+8.684352E-01   -1.304625E-03   +4.583317E+03
+8.651994E-01   -1.314101E-03   +4.583640E+03
+8.619301E-01   -1.325699E-03   +4.583961E+03
+8.586959E-01   -1.336432E-03   +4.584282E+03
+8.554268E-01   -1.347135E-03   +4.584604E+03
+8.521956E-01   -1.356826E-03   +4.584925E+03
+8.489605E-01   -1.367163E-03   +4.585246E+03
+8.456910E-01   -1.377352E-03   +4.585567E+03
+8.424556E-01   -1.386476E-03   +4.585888E+03
+8.391890E-01   -1.396315E-03   +4.586209E+03
+8.359532E-01   -1.404312E-03   +4.586529E+03
+8.327164E-01   -1.414284E-03   +4.586852E+03
+8.294483E-01   -1.422076E-03   +4.587173E+03
+8.262158E-01   -1.431058E-03   +4.587494E+03
+8.229438E-01   -1.438744E-03   +4.587815E+03
+8.197122E-01   -1.446768E-03   +4.588137E+03
+8.164439E-01   -1.455414E-03   +4.588458E+03
+8.132106E-01   -1.462808E-03   +4.588780E+03
+8.099770E-01   -1.469644E-03   +4.589102E+03
+8.067074E-01   -1.478317E-03   +4.589423E+03
+8.034704E-01   -1.485284E-03   +4.589744E+03
+8.001979E-01   -1.493573E-03   +4.590065E+03
+7.969630E-01   -1.499345E-03   +4.590387E+03
+7.936898E-01   -1.508205E-03   +4.590707E+03
+7.904519E-01   -1.514586E-03   +4.591029E+03
+7.872159E-01   -1.521638E-03   +4.591351E+03
+7.839457E-01   -1.528161E-03   +4.591672E+03
+7.807066E-01   -1.534697E-03   +4.591993E+03
+7.774364E-01   -1.542259E-03   +4.592314E+03
+7.741979E-01   -1.548799E-03   +4.592636E+03
+7.709270E-01   -1.555544E-03   +4.592957E+03
+7.676867E-01   -1.561056E-03   +4.593278E+03
+7.644476E-01   -1.567634E-03   +4.593600E+03
+7.611760E-01   -1.574522E-03   +4.593921E+03
+7.579373E-01   -1.580894E-03   +4.594242E+03
+7.546676E-01   -1.586918E-03   +4.594563E+03
+7.514310E-01   -1.593264E-03   +4.594885E+03
+7.481585E-01   -1.599957E-03   +4.595207E+03
+7.449207E-01   -1.604858E-03   +4.595528E+03
+7.416835E-01   -1.610612E-03   +4.595850E+03
+7.384115E-01   -1.616358E-03   +4.596171E+03
+7.351767E-01   -1.622027E-03   +4.596492E+03
+7.319050E-01   -1.628158E-03   +4.596813E+03
+7.286689E-01   -1.632927E-03   +4.597135E+03
+7.254311E-01   -1.638081E-03   +4.597456E+03
+7.221590E-01   -1.643827E-03   +4.597777E+03
+7.189211E-01   -1.649414E-03   +4.598098E+03
+7.156496E-01   -1.655791E-03   +4.598420E+03
+7.124129E-01   -1.660826E-03   +4.598741E+03
+7.091432E-01   -1.667094E-03   +4.599062E+03
+7.059013E-01   -1.671819E-03   +4.599385E+03
+7.026617E-01   -1.677120E-03   +4.599706E+03
+6.993922E-01   -1.682514E-03   +4.600027E+03
+6.961529E-01   -1.686787E-03   +4.600349E+03
+6.928820E-01   -1.691995E-03   +4.600670E+03
+6.896423E-01   -1.696916E-03   +4.600991E+03
+6.863732E-01   -1.701043E-03   +4.601313E+03
+6.831369E-01   -1.705688E-03   +4.601633E+03
+6.798971E-01   -1.710000E-03   +4.601954E+03
+6.766255E-01   -1.715005E-03   +4.602274E+03
+6.733871E-01   -1.718403E-03   +4.602597E+03
+6.701168E-01   -1.723565E-03   +4.602918E+03
+6.668815E-01   -1.728321E-03   +4.603238E+03
+6.636138E-01   -1.733474E-03   +4.603561E+03
+6.603802E-01   -1.736842E-03   +4.603882E+03
+6.571477E-01   -1.741037E-03   +4.604203E+03
+6.538783E-01   -1.745367E-03   +4.604524E+03
+6.506435E-01   -1.748946E-03   +4.604846E+03
+6.473761E-01   -1.753350E-03   +4.605167E+03
+6.441407E-01   -1.757957E-03   +4.605488E+03
+6.408743E-01   -1.762111E-03   +4.605810E+03
+6.376401E-01   -1.765473E-03   +4.606131E+03
+6.344025E-01   -1.769621E-03   +4.606451E+03
+6.311337E-01   -1.773402E-03   +4.606773E+03
+6.279017E-01   -1.776306E-03   +4.607095E+03
+6.246343E-01   -1.781539E-03   +4.607416E+03
+6.213987E-01   -1.785485E-03   +4.607737E+03
+6.181651E-01   -1.788690E-03   +4.608059E+03
+6.148987E-01   -1.791123E-03   +4.608380E+03
+6.116630E-01   -1.796183E-03   +4.608701E+03
+6.083944E-01   -1.799748E-03   +4.609022E+03
+6.051584E-01   -1.803910E-03   +4.609344E+03
+6.018925E-01   -1.807213E-03   +4.609664E+03
+5.986624E-01   -1.810412E-03   +4.609986E+03
+5.954273E-01   -1.814250E-03   +4.610308E+03
+5.921587E-01   -1.818165E-03   +4.610629E+03
+5.889224E-01   -1.821763E-03   +4.610951E+03
+5.856569E-01   -1.825516E-03   +4.611272E+03
+5.824235E-01   -1.829017E-03   +4.611593E+03
+5.791548E-01   -1.831998E-03   +4.611915E+03
+5.759211E-01   -1.835738E-03   +4.612236E+03
+5.726876E-01   -1.839603E-03   +4.612557E+03
+5.694188E-01   -1.842532E-03   +4.612878E+03
+5.661818E-01   -1.845593E-03   +4.613199E+03
+5.629136E-01   -1.849022E-03   +4.613521E+03
+5.596802E-01   -1.851660E-03   +4.613843E+03
+5.564127E-01   -1.855907E-03   +4.614163E+03
+5.531760E-01   -1.859477E-03   +4.614484E+03
+5.499436E-01   -1.861156E-03   +4.614806E+03
+5.466736E-01   -1.864794E-03   +4.615128E+03
+5.434415E-01   -1.867703E-03   +4.615449E+03
+5.401743E-01   -1.871335E-03   +4.615771E+03
+5.369389E-01   -1.874508E-03   +4.616093E+03
+5.337012E-01   -1.878051E-03   +4.616414E+03
+5.304332E-01   -1.880612E-03   +4.616734E+03
+5.271946E-01   -1.883024E-03   +4.617057E+03
+5.239241E-01   -1.887271E-03   +4.617378E+03
+5.206850E-01   -1.890584E-03   +4.617699E+03
+5.174156E-01   -1.894082E-03   +4.618021E+03
+5.141792E-01   -1.896865E-03   +4.618342E+03
+5.109386E-01   -1.899413E-03   +4.618663E+03
+5.076690E-01   -1.901495E-03   +4.618984E+03
+5.044303E-01   -1.906082E-03   +4.619306E+03
+5.011611E-01   -1.908617E-03   +4.619627E+03
+4.979205E-01   -1.911716E-03   +4.619948E+03
+4.946492E-01   -1.914694E-03   +4.620270E+03
+4.914119E-01   -1.916805E-03   +4.620591E+03
+4.881754E-01   -1.920043E-03   +4.620911E+03
+4.849038E-01   -1.922339E-03   +4.621232E+03
+4.816658E-01   -1.925187E-03   +4.621554E+03
+4.783956E-01   -1.929365E-03   +4.621875E+03
+4.751582E-01   -1.932131E-03   +4.622196E+03
+4.718879E-01   -1.933689E-03   +4.622519E+03
+4.686482E-01   -1.936521E-03   +4.622840E+03
+4.654123E-01   -1.939826E-03   +4.623160E+03
+4.621415E-01   -1.942619E-03   +4.623481E+03
+4.589044E-01   -1.945007E-03   +4.623803E+03
+4.556351E-01   -1.948059E-03   +4.624123E+03
+4.523961E-01   -1.950912E-03   +4.624445E+03
+4.491256E-01   -1.953939E-03   +4.624767E+03
+4.458900E-01   -1.956546E-03   +4.625088E+03
+4.426512E-01   -1.957887E-03   +4.625409E+03
+4.393803E-01   -1.962193E-03   +4.625730E+03
+4.361412E-01   -1.963716E-03   +4.626052E+03
+4.328710E-01   -1.967541E-03   +4.626373E+03
+4.296326E-01   -1.969006E-03   +4.626693E+03
+4.263928E-01   -1.972815E-03   +4.627015E+03
+4.231206E-01   -1.975527E-03   +4.627336E+03
+4.198818E-01   -1.977849E-03   +4.627656E+03
+4.166133E-01   -1.980338E-03   +4.627978E+03
+4.133758E-01   -1.983445E-03   +4.628298E+03
+4.101041E-01   -1.986469E-03   +4.628620E+03
+4.068655E-01   -1.986820E-03   +4.628941E+03
+4.036297E-01   -1.990998E-03   +4.629263E+03
+4.003567E-01   -1.993767E-03   +4.629585E+03
+3.971218E-01   -1.996283E-03   +4.629906E+03
+3.938528E-01   -1.999249E-03   +4.630228E+03
+3.906211E-01   -2.001297E-03   +4.630549E+03
+3.873553E-01   -2.003929E-03   +4.630870E+03
+3.841186E-01   -2.007618E-03   +4.631194E+03
+3.808862E-01   -2.007723E-03   +4.631516E+03
+3.776183E-01   -2.011945E-03   +4.631838E+03
+3.743860E-01   -2.013294E-03   +4.632159E+03
+3.711187E-01   -2.015644E-03   +4.632485E+03
+3.678829E-01   -2.018819E-03   +4.632807E+03
+3.646126E-01   -2.021979E-03   +4.633132E+03
+3.613814E-01   -2.024072E-03   +4.633454E+03
+3.581471E-01   -2.026584E-03   +4.633778E+03
+3.548786E-01   -2.027973E-03   +4.634100E+03
+3.516441E-01   -2.031010E-03   +4.634422E+03
+3.483771E-01   -2.033967E-03   +4.634746E+03
+3.451456E-01   -2.036439E-03   +4.635067E+03
+3.419093E-01   -2.039219E-03   +4.635390E+03
+3.386428E-01   -2.040695E-03   +4.635711E+03
+3.354074E-01   -2.043786E-03   +4.636032E+03
+3.321411E-01   -2.045533E-03   +4.636354E+03
+3.289110E-01   -2.047576E-03   +4.636676E+03
+3.256434E-01   -2.051174E-03   +4.636997E+03
+3.224086E-01   -2.053462E-03   +4.637318E+03
+3.191769E-01   -2.054913E-03   +4.637640E+03
+3.159080E-01   -2.056730E-03   +4.637961E+03
+3.126744E-01   -2.060313E-03   +4.638282E+03
+3.094072E-01   -2.061983E-03   +4.638604E+03
+3.061741E-01   -2.063641E-03   +4.638925E+03
+3.029064E-01   -2.066290E-03   +4.639247E+03
+2.996708E-01   -2.069462E-03   +4.639572E+03
+2.964333E-01   -2.071703E-03   +4.639893E+03
+2.931654E-01   -2.073413E-03   +4.640215E+03
+2.899333E-01   -2.076031E-03   +4.640536E+03
+2.866670E-01   -2.078366E-03   +4.640857E+03
+2.834307E-01   -2.079722E-03   +4.641179E+03
+2.801645E-01   -2.080885E-03   +4.641500E+03
+2.769341E-01   -2.083288E-03   +4.641821E+03
+2.736989E-01   -2.084249E-03   +4.642143E+03
+2.704304E-01   -2.086066E-03   +4.642464E+03
+2.671949E-01   -2.087688E-03   +4.642785E+03
+2.639277E-01   -2.088939E-03   +4.643105E+03
+2.606903E-01   -2.090672E-03   +4.643428E+03
+2.574184E-01   -2.093585E-03   +4.643749E+03
+2.541803E-01   -2.094931E-03   +4.644070E+03
+2.509419E-01   -2.097708E-03   +4.644393E+03
+2.476728E-01   -2.098898E-03   +4.644714E+03
+2.444369E-01   -2.101454E-03   +4.645035E+03
+2.411650E-01   -2.102447E-03   +4.645356E+03
+2.379261E-01   -2.105248E-03   +4.645678E+03
+2.346896E-01   -2.107781E-03   +4.645999E+03
+2.314179E-01   -2.109999E-03   +4.646325E+03
+2.281777E-01   -2.110795E-03   +4.646646E+03
+2.249066E-01   -2.113793E-03   +4.646968E+03
+2.216702E-01   -2.115620E-03   +4.647289E+03
+2.184001E-01   -2.118000E-03   +4.647610E+03
+2.151607E-01   -2.120439E-03   +4.647932E+03
+2.119248E-01   -2.122279E-03   +4.648253E+03
+2.086520E-01   -2.125084E-03   +4.648574E+03
+2.054162E-01   -2.127048E-03   +4.648896E+03
+2.021451E-01   -2.128410E-03   +4.649217E+03
+1.989044E-01   -2.130631E-03   +4.649538E+03
+1.956372E-01   -2.132215E-03   +4.649859E+03
+1.924019E-01   -2.133669E-03   +4.650181E+03
+1.891636E-01   -2.136634E-03   +4.650502E+03
+1.858908E-01   -2.137516E-03   +4.650823E+03
+1.826527E-01   -2.139636E-03   +4.651145E+03
+1.793824E-01   -2.141399E-03   +4.651467E+03
+1.761467E-01   -2.144075E-03   +4.651787E+03
+1.728751E-01   -2.145678E-03   +4.652108E+03
+1.696372E-01   -2.147434E-03   +4.652429E+03
+1.663986E-01   -2.148797E-03   +4.652751E+03
+1.631276E-01   -2.151265E-03   +4.653072E+03
+1.598886E-01   -2.152247E-03   +4.653394E+03
+1.566163E-01   -2.154223E-03   +4.653715E+03
+1.533777E-01   -2.154576E-03   +4.654039E+03
+1.501094E-01   -2.157409E-03   +4.654361E+03
+1.468700E-01   -2.158820E-03   +4.654683E+03
+1.436332E-01   -2.161531E-03   +4.655004E+03
+1.403606E-01   -2.162847E-03   +4.655325E+03
+1.371239E-01   -2.163169E-03   +4.655646E+03
+1.338530E-01   -2.166538E-03   +4.655968E+03
+1.306135E-01   -2.167249E-03   +4.656288E+03
+1.273775E-01   -2.168257E-03   +4.656609E+03
+1.241107E-01   -2.170460E-03   +4.656934E+03
+1.208779E-01   -2.172217E-03   +4.657256E+03
+1.176105E-01   -2.173013E-03   +4.657580E+03
+1.143745E-01   -2.175182E-03   +4.657902E+03
+1.111078E-01   -2.177100E-03   +4.658224E+03
+1.078765E-01   -2.179269E-03   +4.658545E+03
+1.046412E-01   -2.179228E-03   +4.658866E+03
+1.013731E-01   -2.180856E-03   +4.659187E+03
+9.813832E-02   -2.183579E-03   +4.659509E+03
+9.487145E-02   -2.183160E-03   +4.659830E+03
+9.163586E-02   -2.186183E-03   +4.660151E+03
+8.836704E-02   -2.188416E-03   +4.660473E+03
+8.513241E-02   -2.189169E-03   +4.660793E+03
+8.190005E-02   -2.188988E-03   +4.661115E+03
+7.863078E-02   -2.193068E-03   +4.661437E+03
+7.539860E-02   -2.193227E-03   +4.661757E+03
+7.213020E-02   -2.194937E-03   +4.662078E+03
+6.889541E-02   -2.194364E-03   +4.662399E+03
+6.562894E-02   -2.198037E-03   +4.662720E+03
+6.239312E-02   -2.198138E-03   +4.663041E+03
+5.916145E-02   -2.200322E-03   +4.663362E+03
+5.589318E-02   -2.201479E-03   +4.663684E+03
+5.266101E-02   -2.201916E-03   +4.664005E+03
+4.939474E-02   -2.204213E-03   +4.664326E+03
+4.615959E-02   -2.205690E-03   +4.664647E+03
+4.292566E-02   -2.207008E-03   +4.664974E+03
+3.965942E-02   -2.208107E-03   +4.665295E+03
+3.642538E-02   -2.209791E-03   +4.665616E+03
+3.315831E-02   -2.211683E-03   +4.665938E+03
+2.992216E-02   -2.212542E-03   +4.666259E+03
+2.665133E-02   -2.214425E-03   +4.666580E+03
+2.342066E-02   -2.214485E-03   +4.666901E+03
+2.018433E-02   -2.216995E-03   +4.667223E+03
+1.691651E-02   -2.219725E-03   +4.667544E+03
+1.368129E-02   -2.219670E-03   +4.667865E+03
+1.041550E-02   -2.220466E-03   +4.668187E+03
+7.183735E-03   -2.221265E-03   +4.668508E+03
+3.914403E-03   -2.223772E-03   +4.668828E+03
+6.785017E-04   -2.224517E-03   +4.669149E+03
-2.501362E-03   -2.224586E-03   +4.669472E+03
-5.737071E-03   -2.226432E-03   +4.669793E+03
-9.001824E-03   -2.227652E-03   +4.670113E+03
-1.223567E-02   -2.227383E-03   +4.670435E+03
-1.550558E-02   -2.229828E-03   +4.670757E+03
-1.873944E-02   -2.230983E-03   +4.671078E+03
-2.200604E-02   -2.232214E-03   +4.671398E+03
-2.524015E-02   -2.232507E-03   +4.671720E+03
-2.847739E-02   -2.236163E-03   +4.672041E+03
-3.174619E-02   -2.237483E-03   +4.672362E+03
-3.497684E-02   -2.238574E-03   +4.672684E+03
-3.824599E-02   -2.237544E-03   +4.673005E+03
-4.148076E-02   -2.239360E-03   +4.673326E+03
-4.474594E-02   -2.240433E-03   +4.673646E+03
-4.798265E-02   -2.241713E-03   +4.673969E+03
-5.121375E-02   -2.243875E-03   +4.674290E+03
-5.448301E-02   -2.245014E-03   +4.674611E+03
-5.771903E-02   -2.245701E-03   +4.674937E+03
-6.098138E-02   -2.245815E-03   +4.675258E+03
-6.421347E-02   -2.246806E-03   +4.675579E+03
-6.748120E-02   -2.248726E-03   +4.675900E+03
-7.071631E-02   -2.250902E-03   +4.676221E+03
-7.395204E-02   -2.251843E-03   +4.676543E+03
-7.721746E-02   -2.251941E-03   +4.676864E+03
-8.045122E-02   -2.253497E-03   +4.677185E+03
-8.371965E-02   -2.253672E-03   +4.677506E+03
-8.695426E-02   -2.255505E-03   +4.677827E+03
-9.022219E-02   -2.255956E-03   +4.678147E+03
-9.345454E-02   -2.256562E-03   +4.678469E+03
-9.669235E-02   -2.258697E-03   +4.678790E+03
-9.996202E-02   -2.258992E-03   +4.679111E+03
